59
перчатка          0.0   
размер            1.414 0.0   
латексный         2.236 2.236 0.0   
смотровой         2.646 2.646 3.162 0.0   
хирургический     3.162 3.162 2.646 3.317 0.0   
нестерильный      3.0   3.0   3.464 2.449 3.606 0.0   
неопудрить        2.236 2.236 2.828 2.449 3.0   2.828 0.0   
стерильный        2.828 2.828 2.646 3.0   2.828 2.646 2.646 0.0   
м                 2.236 2.236 2.828 2.449 3.606 2.828 2.828 3.317 0.0   
нитриловый        2.828 2.828 3.0   2.236 3.464 2.646 3.0   3.464 2.646 0.0   
s                 2.449 2.449 3.0   2.646 3.742 3.0   3.0   3.464 1.732 2.828 0.0   
l                 2.236 2.236 2.828 2.449 3.606 2.828 2.828 3.317 2.0   2.646 2.236 0.0   
опудрить          1.414 1.414 2.236 2.646 3.162 3.0   2.236 2.828 2.236 2.828 2.449 2.236 0.0   
7                 1.732 1.732 2.449 2.828 3.0   3.162 2.449 3.0   2.449 3.0   2.646 2.449 1.732 0.0   
8                 1.732 1.732 2.449 2.828 3.0   3.162 2.449 3.0   2.449 3.0   2.646 2.449 1.732 1.414 0.0   
медицинский       2.0   2.0   2.646 2.236 2.828 2.646 1.732 2.449 2.646 2.828 2.828 2.646 2.0   2.236 2.236 0.0   
текстурированный  2.236 2.236 2.449 2.828 3.0   3.162 2.449 3.0   2.828 2.646 3.0   2.828 2.236 2.449 2.449 2.236 0.0   
диагностический   2.646 2.646 3.162 1.414 3.0   2.449 2.449 3.0   2.449 2.236 2.646 2.449 2.646 2.828 2.828 2.236 2.828 0.0   
pf                2.646 2.646 3.162 2.828 3.317 3.162 2.0   3.0   3.162 3.317 3.317 3.162 2.646 2.828 2.828 2.236 2.828 2.828 0.0   
повышенный        2.646 2.646 3.162 2.828 3.873 3.162 3.162 3.606 2.828 2.646 3.0   2.828 2.646 2.828 2.828 3.0   2.828 2.828 3.464 0.0   
резиновый         3.317 3.317 3.464 3.162 4.123 3.464 3.464 3.873 3.162 3.0   3.317 3.162 3.317 3.464 3.464 3.606 3.742 3.162 3.464 3.162 0.0   
7,5               2.0   2.0   2.646 2.646 2.828 3.0   2.236 2.828 2.646 2.828 2.449 2.646 2.0   1.732 1.732 2.0   2.236 2.646 2.646 3.0   3.606 0.0   
хлопчатобумажный  5.385 5.385 5.292 5.099 5.0   4.69  5.292 5.0   5.292 5.0   5.385 5.099 5.385 5.477 5.477 5.196 5.477 4.899 5.292 5.292 4.472 5.568 0.0   
пара              1.414 1.414 2.236 2.646 3.162 3.0   2.236 2.828 2.236 2.828 2.449 2.236 1.414 1.732 1.732 2.0   2.236 2.646 2.646 2.646 3.317 2.0   5.385 0.0   
стереть           3.606 3.606 3.162 3.742 3.0   3.464 3.464 2.646 4.0   3.873 4.123 4.0   3.606 3.742 3.742 3.317 3.464 3.742 3.742 4.0   4.472 3.606 5.099 3.606 0.0   
р                 1.414 1.414 2.236 2.646 3.162 3.0   2.236 2.828 2.236 2.828 2.449 2.236 1.414 1.732 1.732 2.0   2.236 2.646 2.646 2.646 3.317 2.0   5.385 1.414 3.606 0.0   
6                 1.732 1.732 2.449 2.828 3.0   3.162 2.449 3.0   2.449 3.0   2.646 2.449 1.732 1.414 1.414 2.236 2.449 2.828 2.828 2.828 3.464 1.732 5.477 1.732 3.742 1.732 0.0   
хозяйственный     4.796 4.796 4.899 4.472 4.796 4.243 4.899 4.583 4.69  4.359 4.583 4.472 4.796 4.899 4.899 4.583 4.899 4.243 4.69  4.69  3.742 4.583 3.162 4.796 5.099 4.796 4.899 0.0   
анатомический     2.449 2.449 2.236 2.646 2.449 3.0   2.236 2.449 3.0   2.828 3.162 3.0   2.449 2.646 2.646 2.0   2.236 2.646 2.646 3.317 3.873 2.449 5.196 2.449 3.0   2.449 2.646 4.796 0.0   
малайзия          2.646 2.646 2.449 3.162 3.0   3.162 2.828 2.646 3.162 3.317 3.317 3.162 2.646 2.828 2.828 2.646 3.162 3.162 2.828 3.162 3.162 3.0   4.899 2.646 3.464 2.646 2.828 4.69  2.646 0.0   
прочность         3.0   3.0   3.162 3.162 3.873 3.464 3.464 3.606 3.162 2.646 3.317 3.162 3.0   3.162 3.162 3.317 2.828 3.162 3.742 2.0   3.464 3.317 5.099 3.0   3.464 3.0   3.162 4.69  3.317 3.464 0.0   
покрытие          3.0   3.0   3.464 3.162 3.873 3.464 3.464 3.606 3.162 3.0   3.317 3.162 3.0   3.162 3.162 3.317 3.464 3.162 3.742 2.828 3.464 3.317 4.69  3.0   4.0   3.0   3.162 4.472 3.606 3.464 2.828 0.0   
пвх               4.583 4.583 4.69  4.472 4.796 4.243 4.899 4.583 4.243 4.359 4.359 4.243 4.583 4.69  4.69  4.796 4.899 4.472 4.899 4.472 4.243 4.796 3.742 4.583 4.69  4.583 4.69  3.742 4.583 4.243 4.472 3.742 0.0   
одноразовый       2.0   2.0   2.646 2.236 3.162 2.646 2.236 2.828 2.236 2.828 2.449 2.236 2.0   2.236 2.236 2.0   2.646 2.236 2.646 2.646 3.317 2.449 5.0   2.0   3.606 2.0   2.236 4.796 2.449 2.646 3.0   3.0   4.583 0.0   
gammex            4.69  4.69  4.359 4.123 3.742 4.123 4.583 4.0   4.583 4.0   4.69  4.359 4.69  4.583 4.583 4.472 4.583 4.123 4.359 4.796 4.359 4.472 4.796 4.69  3.873 4.69  4.583 5.0   4.243 4.123 4.583 4.359 4.583 4.472 0.0   
manual            4.359 4.359 4.472 3.742 4.359 3.742 4.0   4.123 4.0   3.873 4.123 4.0   4.359 4.472 4.472 4.123 4.472 3.742 3.742 4.243 3.742 4.359 4.472 4.359 4.0   4.359 4.472 4.243 4.359 3.742 4.243 4.0   3.464 4.123 4.123 0.0   
6,5               2.828 2.828 2.646 3.0   2.449 3.317 2.646 2.449 3.317 3.464 3.464 3.0   2.828 2.646 2.646 2.449 3.0   3.0   3.0   3.317 3.873 2.449 5.385 2.828 3.0   2.828 2.646 4.796 2.449 2.646 3.606 3.873 4.796 2.828 4.243 4.123 0.0   
россия            3.317 3.317 3.464 3.162 3.873 3.742 3.742 3.606 3.162 3.317 3.317 3.162 3.317 3.464 3.464 3.606 3.464 3.162 3.162 3.162 3.162 3.606 4.69  3.317 4.0   3.317 3.464 4.243 3.873 3.464 3.162 3.162 4.243 3.317 4.123 3.464 3.873 0.0   
форма             3.162 3.162 2.646 3.317 2.449 3.606 3.0   2.828 3.606 3.464 3.742 3.606 3.162 3.317 3.317 2.828 3.0   3.317 3.317 3.606 4.123 3.162 5.196 3.162 2.646 3.162 3.317 5.0   2.449 3.0   3.606 3.873 4.796 3.162 4.243 4.123 2.449 3.873 0.0   
dermagrip         3.873 3.873 3.464 3.464 3.606 3.742 4.0   3.606 3.742 3.317 3.873 3.742 3.873 4.0   4.0   3.873 3.742 3.464 4.0   3.464 3.742 4.123 4.69  3.873 3.742 3.873 4.0   4.69  3.606 3.464 3.162 3.162 4.243 3.606 3.873 3.464 3.873 2.828 3.317 0.0   
9                 1.414 1.414 2.236 2.646 3.162 3.0   2.236 2.828 2.236 2.828 2.449 2.236 1.414 1.732 1.732 2.0   2.236 2.646 2.646 2.646 3.317 2.0   5.385 1.414 3.606 1.414 1.732 4.796 2.449 2.646 3.0   3.0   4.583 2.0   4.69  4.359 2.828 3.317 3.162 3.873 0.0   
виниловый         4.243 4.243 4.359 3.873 4.243 3.873 4.359 4.472 4.123 3.464 4.243 4.123 4.243 4.359 4.359 4.243 4.359 3.873 4.583 4.123 4.123 4.472 4.123 4.243 3.873 4.243 4.359 4.359 4.0   4.359 3.606 3.606 3.606 4.0   4.243 3.873 4.69  4.123 4.243 3.606 4.243 0.0   
синтетический     2.828 2.828 3.317 2.236 3.464 2.646 2.236 3.162 3.0   2.449 3.162 3.0   2.828 3.0   3.0   2.449 3.0   2.236 2.646 2.646 2.646 2.828 5.0   2.828 3.873 2.828 3.0   4.359 2.828 3.0   3.0   3.0   4.583 2.449 4.472 3.606 3.162 3.606 3.464 3.606 2.828 4.0   0.0   
50                2.236 2.236 2.828 2.828 3.606 3.162 2.828 3.317 2.449 3.0   2.646 2.449 2.236 2.449 2.449 2.646 2.449 2.828 3.162 2.449 3.464 2.646 5.292 2.236 4.0   2.236 2.449 4.899 3.0   3.162 2.828 2.828 4.472 2.236 4.583 4.472 3.317 3.162 3.606 3.742 2.236 4.123 3.0   0.0   
8,5               2.236 2.236 2.0   3.162 2.646 3.464 2.828 2.646 2.449 3.317 2.646 2.828 2.236 2.0   2.0   2.646 2.828 3.162 3.162 3.162 3.464 2.236 5.477 2.236 3.464 2.236 2.0   4.899 2.646 2.449 3.464 3.464 4.472 2.646 4.359 4.243 2.236 3.464 3.0   3.742 2.236 4.583 3.317 2.828 0.0   
неопреновый       2.646 2.646 2.828 3.162 3.317 3.162 2.828 3.0   3.162 2.646 3.317 3.162 2.646 2.828 2.828 2.646 2.449 3.162 3.162 3.162 3.464 2.646 5.099 2.646 3.162 2.646 2.828 4.472 2.646 3.162 2.828 3.162 4.472 3.0   4.123 4.0   3.317 3.742 3.317 3.742 2.646 3.606 3.0   3.162 3.162 0.0   
xl                2.449 2.449 3.0   3.0   3.464 3.317 3.0   3.464 2.236 3.162 2.0   2.236 2.449 2.236 2.236 2.828 3.0   3.0   3.317 3.0   3.606 2.0   5.385 2.449 4.123 2.449 2.236 4.583 3.162 3.317 3.317 3.317 4.359 2.449 4.69  4.123 2.828 3.606 3.742 4.123 2.449 4.472 3.162 2.646 2.236 3.317 0.0   
epic              4.69  4.69  4.359 4.123 4.243 4.359 4.359 4.243 4.583 4.0   4.69  4.583 4.69  4.796 4.796 4.472 4.359 4.123 4.359 4.123 3.606 4.69  4.583 4.69  4.123 4.69  4.796 4.583 4.243 3.873 3.873 3.873 4.583 4.472 4.472 3.873 4.472 3.873 4.243 3.317 4.69  4.243 3.742 4.583 4.583 4.123 4.899 0.0   
австрия           3.162 3.162 3.317 2.236 3.464 3.0   3.0   3.162 3.0   2.828 3.162 3.0   3.162 3.317 3.317 2.828 3.317 2.236 3.0   3.317 3.0   3.162 5.0   3.162 3.606 3.162 3.317 4.359 2.828 3.0   3.606 3.606 3.873 2.828 3.742 3.606 3.162 3.317 3.464 3.606 3.162 4.0   2.828 3.317 3.317 3.317 3.464 4.0   0.0   
1                 2.236 2.236 2.828 3.162 3.606 3.464 2.828 3.317 2.828 3.317 3.0   2.828 2.236 2.449 2.449 2.646 2.828 3.162 3.162 3.162 3.742 2.646 5.292 2.236 3.742 2.236 2.449 4.899 3.0   3.162 3.464 3.162 4.243 2.646 4.583 4.243 3.317 3.742 3.0   4.0   2.236 3.873 3.317 2.449 2.828 2.828 3.0   5.0   3.317 0.0   
grip              4.123 4.123 3.742 4.0   3.317 4.243 3.742 3.606 4.472 3.873 4.583 4.472 4.123 4.243 4.243 3.873 4.0   3.742 3.742 4.0   4.0   4.123 4.899 4.123 3.464 4.123 4.243 4.899 3.606 3.742 3.742 3.742 4.69  4.123 3.606 4.0   3.873 4.0   3.606 3.464 4.123 4.123 3.606 4.243 4.0   3.742 4.583 3.606 3.873 4.243 0.0   
sfm               3.873 3.873 3.742 3.464 3.873 3.464 3.464 3.317 3.742 3.606 3.873 3.742 3.873 4.0   4.0   3.606 3.742 3.464 3.162 3.742 3.162 3.873 4.899 3.873 4.0   3.873 4.0   4.472 3.606 2.828 3.742 4.0   4.243 3.606 3.606 3.162 3.606 3.162 3.873 3.162 3.873 4.583 3.317 3.742 3.742 3.742 4.123 3.317 3.0   4.243 3.464 0.0   
eco               4.472 4.472 4.123 3.873 4.0   3.873 4.359 4.0   4.359 3.742 4.472 4.359 4.472 4.583 4.583 4.243 4.123 3.873 4.123 4.123 3.873 4.472 4.583 4.472 3.606 4.472 4.583 4.583 4.0   3.873 3.606 3.606 4.359 4.243 3.742 3.606 4.243 3.317 4.0   2.646 4.472 3.464 4.0   4.123 4.359 3.873 4.69  2.828 3.742 4.583 3.317 3.317 0.0   
внутренний        2.828 2.828 3.317 3.606 3.742 3.606 3.317 3.464 3.317 3.464 3.464 3.317 2.828 3.0   3.0   3.162 3.0   3.606 3.317 3.0   3.606 3.162 5.0   2.828 3.873 2.828 3.0   4.583 3.464 3.0   3.0   2.646 4.123 3.162 4.472 4.123 3.742 3.0   3.742 3.606 2.828 4.243 3.464 2.646 3.317 3.0   3.464 4.0   3.742 3.317 4.123 3.606 4.0   0.0   
германия          2.449 2.449 3.0   3.0   3.464 3.0   2.646 3.162 3.0   2.828 3.162 3.0   2.449 2.646 2.646 2.449 2.236 3.0   3.0   2.646 3.606 2.449 5.385 2.449 3.873 2.449 2.646 4.583 2.828 3.0   3.0   2.646 4.583 2.828 4.69  4.359 3.162 3.606 3.464 3.606 2.449 4.472 2.828 2.646 3.0   2.646 3.162 4.0   3.464 3.0   4.123 3.606 4.0   2.449 0.0   
medi              5.0   5.0   4.69  4.899 4.123 4.69  4.69  4.359 4.899 4.583 5.196 4.899 5.0   4.899 4.899 4.796 4.899 4.69  4.472 4.69  4.69  4.796 5.292 5.0   4.0   5.0   4.899 5.477 4.583 4.472 4.472 4.69  5.292 4.796 3.0   4.69  4.359 4.69  4.359 4.472 5.0   4.796 4.583 4.69  4.69  4.69  5.0   4.359 4.583 5.099 3.162 4.0   4.123 4.583 5.0   0.0   
удлинённый        3.317 3.317 3.162 2.828 3.606 3.464 3.464 3.317 3.162 3.0   3.317 3.162 3.317 3.464 3.464 3.317 3.464 2.828 3.742 3.464 3.742 3.606 4.899 3.317 3.742 3.317 3.464 4.899 3.0   3.464 3.162 3.162 4.243 3.0   4.123 4.243 3.606 3.464 3.317 3.162 3.317 3.606 3.317 2.828 3.464 3.464 3.606 4.123 3.0   3.162 3.742 3.742 3.606 3.606 3.873 4.472 0.0   
натуральный       2.449 2.449 2.646 3.317 3.464 3.606 3.0   3.162 3.0   3.464 3.162 3.0   2.449 2.646 2.646 2.828 3.0   3.317 3.317 3.317 3.0   2.828 5.196 2.449 3.606 2.449 2.646 4.583 3.162 3.0   3.606 3.606 4.583 2.828 4.472 4.359 3.162 3.606 3.162 4.123 2.449 4.243 3.464 3.0   2.646 2.646 3.162 4.69  3.162 2.236 4.123 3.873 4.472 3.464 3.162 5.0   3.606 0.0   
100               2.236 2.236 2.828 2.828 3.606 3.162 2.828 3.317 2.449 3.0   2.646 2.449 2.236 2.449 2.449 2.646 2.828 2.828 3.162 2.0   3.464 2.646 5.477 2.236 3.464 2.236 2.449 4.899 3.0   3.162 2.449 3.162 4.69  2.236 4.796 4.472 3.0   3.464 3.317 4.0   2.236 4.123 3.0   2.449 2.828 3.162 2.646 4.359 3.317 2.828 4.0   4.0   4.359 3.317 3.0   4.472 3.464 3.0   0.0   
