59
перчатка          0.0   
размер            1.414 0.0   
латексный         2.449 2.449 0.0   
смотровой         3.464 3.464 3.742 0.0   
хирургический     3.317 3.317 3.0   3.873 0.0   
нестерильный      3.606 3.606 3.873 3.0   4.0   0.0   
неопудрить        2.646 2.646 3.0   3.0   3.162 3.464 0.0   
стерильный        3.742 3.742 3.464 4.0   2.646 3.606 3.317 0.0   
м                 3.317 3.317 3.606 2.646 4.243 3.464 3.742 4.583 0.0   
нитриловый        4.243 4.243 4.0   2.828 4.359 3.606 3.873 4.472 3.606 0.0   
s                 4.123 4.123 4.359 3.317 4.69  3.464 4.243 5.0   3.162 3.606 0.0   
l                 4.0   4.0   4.243 3.464 4.796 3.606 4.359 5.099 3.0   4.0   3.0   0.0   
опудрить          3.606 3.606 3.317 4.583 4.0   4.472 3.742 4.359 4.472 4.796 4.69  4.583 0.0   
7                 4.472 4.472 4.243 4.243 3.606 4.796 4.123 3.464 4.583 4.472 5.0   4.69  4.796 0.0   
8                 4.472 4.472 4.243 4.69  3.606 5.0   4.359 3.742 5.0   4.899 5.0   5.292 4.796 3.162 0.0   
медицинский       4.796 4.796 4.359 4.123 4.0   4.243 4.472 3.873 4.69  3.873 4.472 4.583 4.472 3.606 4.123 0.0   
текстурированный  4.899 4.899 4.472 4.0   4.583 4.123 4.583 4.472 4.583 3.464 4.359 4.472 4.583 4.243 4.243 3.317 0.0   
диагностический   5.568 5.568 5.385 4.583 4.69  4.69  5.292 4.796 4.899 4.359 4.243 4.583 5.292 4.359 4.796 3.742 3.873 0.0   
pf                5.0   5.0   4.796 5.0   4.472 5.292 4.472 4.583 5.292 5.0   5.477 5.568 4.69  4.123 4.359 4.472 4.796 5.099 0.0   
повышенный        5.831 5.831 5.657 4.899 5.745 5.0   5.568 5.477 5.0   4.243 4.796 4.899 5.745 5.099 5.292 4.583 4.243 4.123 4.359 0.0   
резиновый         6.708 6.708 6.403 6.083 6.481 6.164 6.633 6.245 6.0   5.745 5.831 5.568 5.831 5.745 5.916 5.292 5.385 4.899 5.477 4.359 0.0   
7,5               5.477 5.477 5.292 5.477 4.583 5.745 5.196 4.69  5.568 5.477 5.568 5.477 5.385 3.742 3.742 4.796 4.69  4.583 3.606 4.69  5.196 0.0   
хлопчатобумажный  6.856 6.856 6.708 6.403 6.481 6.164 6.928 6.403 6.325 6.083 5.831 6.083 6.164 6.083 5.745 5.831 5.916 5.292 5.831 5.0   2.828 5.385 0.0   
пара              5.099 5.099 5.099 4.899 5.568 5.0   5.568 5.657 4.583 4.472 4.583 4.69  4.796 5.292 5.292 4.583 3.742 4.796 4.796 4.0   5.0   5.099 5.385 0.0   
стереть           5.385 5.385 5.0   5.568 4.472 5.099 5.099 3.873 5.831 5.385 5.831 6.083 4.899 4.583 4.583 4.472 4.359 4.69  4.0   4.796 5.099 3.873 5.477 4.583 0.0   
р                 5.477 5.477 5.099 5.099 5.0   5.0   5.196 4.899 5.568 4.69  5.0   5.292 5.0   4.899 4.0   4.123 3.742 4.583 4.583 4.243 5.0   4.243 5.196 4.472 4.123 0.0   
6                 6.164 6.164 5.831 5.477 5.568 5.568 5.916 5.477 5.385 5.099 5.385 5.099 5.568 4.472 4.899 4.359 4.0   4.123 4.359 3.742 4.359 3.464 5.0   4.0   4.123 3.742 0.0   
хозяйственный     6.782 6.782 6.633 6.325 6.403 6.083 6.856 6.325 6.245 6.0   6.083 6.0   6.083 6.0   5.831 5.745 5.831 5.196 5.745 4.899 2.646 5.477 1.732 5.292 5.385 5.292 4.899 0.0   
анатомический     6.0   6.0   5.657 5.477 5.196 5.385 5.745 5.292 5.916 4.69  5.385 5.657 5.385 4.899 4.69  4.123 4.0   4.123 4.359 4.0   4.359 4.0   4.796 4.243 3.873 3.162 3.162 4.899 0.0   
малайзия          6.0   6.0   5.657 5.292 5.568 5.385 5.745 5.292 5.385 4.69  5.196 5.292 5.916 4.69  4.69  4.123 4.0   3.873 4.359 2.828 4.359 4.243 5.0   4.0   4.359 3.742 3.464 4.899 3.742 0.0   
прочность         6.083 6.083 5.745 5.196 5.831 5.292 5.657 5.568 5.292 4.583 4.899 5.0   5.477 5.196 5.385 4.69  4.359 4.0   4.243 2.236 4.243 4.359 4.899 4.359 4.899 4.359 3.606 4.796 4.123 3.0   0.0   
покрытие          6.325 6.325 6.164 6.164 6.083 6.403 6.403 6.0   5.916 5.657 5.916 5.831 5.916 5.292 5.477 5.0   5.292 4.796 5.196 4.472 4.123 4.69  4.583 4.472 5.0   4.899 4.243 4.69  4.243 3.742 4.359 0.0   
пвх               7.211 7.211 6.782 6.633 6.708 6.557 7.141 6.481 6.403 6.325 6.245 6.164 6.557 6.0   6.0   5.916 6.0   5.385 5.916 5.292 3.0   5.292 2.646 5.657 5.568 5.477 4.69  2.828 4.899 5.099 5.196 4.472 0.0   
одноразовый       6.403 6.403 6.083 5.568 5.831 5.831 6.164 5.745 5.657 5.0   5.292 5.385 5.657 5.0   5.0   4.472 4.359 4.0   4.243 3.0   3.742 4.123 4.472 3.873 4.472 3.873 2.646 4.359 3.317 2.646 2.828 3.873 4.583 0.0   
gammex            6.633 6.633 6.481 5.831 5.916 5.916 6.245 5.831 5.916 5.477 5.916 6.0   6.245 5.292 5.292 5.196 5.099 5.0   4.583 4.472 4.583 4.243 4.583 5.099 5.0   4.69  4.0   4.69  3.742 4.243 4.359 4.0   4.243 3.873 0.0   
manual            6.782 6.782 6.481 6.0   6.083 5.916 6.403 6.0   6.083 5.657 5.568 5.657 6.083 5.477 5.831 5.0   5.292 4.123 5.196 4.69  3.873 5.099 4.123 5.477 5.196 4.899 4.472 4.0   4.69  4.243 4.123 4.243 4.0   3.873 4.899 0.0   
6,5               6.708 6.708 6.403 6.083 6.0   6.325 6.481 6.083 6.164 5.745 5.831 5.745 6.325 5.0   5.196 5.099 4.796 4.899 5.099 4.583 4.243 3.873 4.472 4.796 4.69  4.359 3.0   4.583 3.606 4.123 4.472 4.123 4.123 3.742 3.606 4.583 0.0   
россия            6.403 6.403 6.245 6.245 6.164 6.164 6.782 6.245 5.831 5.568 5.657 5.568 5.657 5.745 5.568 5.292 5.0   4.472 5.099 3.873 3.162 4.796 3.742 3.873 4.899 4.796 3.873 3.606 3.873 3.606 3.742 3.317 4.123 2.828 4.123 4.123 4.0   0.0   
форма             6.557 6.557 6.245 5.745 5.831 6.0   6.325 5.916 6.0   5.385 5.831 5.916 5.831 5.196 5.385 4.472 4.796 4.69  4.472 4.123 4.243 4.359 4.69  4.359 4.472 4.123 3.317 4.796 3.0   4.123 4.243 4.123 4.359 3.464 3.317 4.796 3.162 4.0   0.0   
dermagrip         6.633 6.633 6.325 5.831 5.745 5.745 6.245 5.657 5.916 5.292 5.385 5.477 6.083 5.099 5.099 4.583 4.69  3.606 5.0   4.0   3.873 4.472 4.123 5.099 4.796 4.243 4.0   4.0   4.243 3.464 3.606 4.243 4.243 3.606 4.472 2.828 4.359 4.123 4.583 0.0   
9                 6.633 6.633 6.325 5.831 5.916 5.916 6.403 5.831 5.745 5.477 5.568 5.477 5.916 5.099 5.292 4.796 4.69  4.123 4.583 3.464 3.873 4.0   4.359 4.243 4.359 4.243 2.828 4.472 3.464 3.464 3.317 4.0   4.243 2.646 4.0   4.0   3.0   3.317 3.0   3.742 0.0   
виниловый         7.071 7.071 6.782 6.325 6.557 6.245 6.708 6.325 6.403 5.657 5.916 6.0   6.403 5.831 5.831 5.385 5.292 4.796 5.196 4.0   3.606 5.292 3.873 4.899 5.196 4.899 4.243 3.742 4.472 4.0   3.873 4.243 3.742 3.317 4.472 2.828 4.123 3.606 4.359 3.162 3.742 0.0   
синтетический     6.403 6.403 6.245 5.568 6.0   5.831 6.164 5.745 5.657 5.0   5.477 5.745 6.164 5.196 5.0   5.099 4.796 4.472 4.69  3.317 4.0   4.583 4.243 4.359 4.899 4.359 3.606 4.123 4.123 3.317 3.464 3.873 4.359 2.449 4.123 3.873 4.0   3.162 4.243 3.873 3.317 3.0   0.0   
50                6.557 6.557 6.245 5.745 5.831 6.0   6.325 5.916 5.831 5.196 5.292 5.385 5.831 5.0   5.196 4.472 4.583 4.0   4.472 3.606 3.464 4.123 4.0   4.359 4.472 4.123 3.0   3.873 3.317 3.606 3.464 4.123 4.123 2.449 4.359 3.317 3.464 3.464 3.464 3.0   2.646 3.317 3.162 0.0   
8,5               6.928 6.928 6.633 6.0   6.245 6.245 6.708 6.164 6.083 5.477 5.916 5.831 6.403 5.292 5.657 5.0   4.899 4.796 5.196 4.243 3.873 4.472 4.123 4.69  4.796 4.69  3.464 4.243 3.464 4.0   4.359 3.742 3.742 3.606 2.828 4.472 2.646 3.873 2.646 4.243 3.162 4.0   4.123 3.317 0.0   
неопреновый       6.708 6.708 6.245 6.083 6.0   6.164 6.325 5.916 6.164 5.385 6.0   6.083 6.164 5.385 5.385 4.69  4.796 4.472 4.69  3.873 3.742 4.583 4.472 4.583 4.472 4.583 3.873 4.359 3.606 3.0   3.742 3.0   4.359 3.162 3.606 3.606 3.742 3.162 3.742 3.606 3.606 3.0   3.464 3.464 3.317 0.0   
xl                6.557 6.557 6.245 6.245 6.0   6.0   6.782 6.083 5.831 5.745 5.477 5.385 6.0   5.568 5.568 5.099 5.0   4.243 5.477 4.123 3.464 5.0   3.742 4.583 5.099 4.796 4.359 3.606 4.583 3.873 4.0   4.123 3.873 3.742 5.0   3.317 4.243 3.162 4.472 3.0   3.606 3.317 3.742 3.162 4.123 4.0   0.0   
epic              6.708 6.708 6.403 5.916 6.0   6.0   6.481 5.916 6.0   5.196 5.657 5.745 6.164 5.196 5.385 4.69  4.796 4.69  4.899 4.123 4.0   4.359 4.243 4.583 4.69  4.359 3.606 4.359 3.317 3.606 4.243 3.317 4.123 3.162 3.0   4.123 3.464 3.464 3.162 4.123 3.606 3.873 3.742 3.464 2.236 2.828 4.243 0.0   
австрия           6.403 6.403 6.245 5.568 5.831 5.831 6.164 5.916 5.657 5.196 5.292 5.568 6.0   5.385 5.196 5.099 4.796 4.243 4.69  3.606 4.0   4.359 4.472 4.359 4.472 4.359 3.606 4.359 3.873 3.317 3.742 3.873 4.583 2.828 4.123 3.873 3.742 3.162 4.243 3.606 3.317 3.317 2.449 3.162 3.873 3.162 3.742 3.464 0.0   
1                 6.633 6.633 6.325 5.831 5.916 6.083 6.403 6.0   5.916 5.292 5.385 5.292 5.916 4.899 5.099 4.796 4.69  4.123 4.583 3.742 3.606 4.0   4.123 4.472 4.583 4.0   2.828 4.0   3.464 3.464 3.606 4.0   4.0   2.236 4.0   3.464 3.317 3.317 3.606 3.162 2.828 3.464 3.0   1.732 3.464 3.606 3.606 3.317 3.0   0.0   
grip              6.856 6.856 6.557 6.083 6.164 6.325 6.633 6.083 6.164 5.568 6.0   6.083 6.325 5.385 5.385 5.099 5.0   4.899 5.099 4.359 4.0   4.359 4.243 4.796 4.69  4.583 3.606 4.359 3.606 3.873 4.472 3.606 3.873 3.464 2.646 4.583 3.162 3.742 2.828 4.359 3.606 4.123 4.0   3.742 1.732 3.162 4.472 2.0   3.742 3.606 0.0   
sfm               6.325 6.325 6.0   5.477 5.745 5.568 6.083 5.477 5.568 4.899 5.196 5.292 5.568 4.899 4.899 4.359 4.243 3.606 4.359 3.162 3.606 4.243 4.359 4.243 4.359 4.0   2.828 4.243 3.464 2.828 3.0   4.0   4.472 1.732 4.243 3.742 4.123 3.0   3.873 3.464 2.828 3.464 2.646 2.646 4.0   3.317 3.873 3.606 3.0   2.449 3.873 0.0   
eco               6.782 6.782 6.481 6.0   6.083 5.916 6.557 5.831 6.083 5.477 5.568 5.657 6.245 5.292 5.477 4.796 4.899 4.359 5.0   4.0   3.317 4.69  3.873 4.69  4.583 4.472 3.742 3.742 4.0   3.464 3.873 3.742 4.0   3.0   4.243 2.828 3.606 3.317 4.123 2.828 3.162 2.828 3.0   2.646 3.464 3.0   3.0   3.0   2.646 2.828 3.606 3.162 0.0   
внутренний        6.856 6.856 6.557 6.083 6.164 6.0   6.481 5.916 6.164 5.568 5.831 5.916 6.164 5.385 5.568 5.099 5.196 4.472 4.899 4.123 4.0   4.359 4.0   5.0   4.899 4.796 3.873 4.123 4.123 3.873 3.742 3.0   3.873 3.162 3.317 3.606 4.0   3.464 3.742 3.873 3.317 3.606 3.162 3.464 3.317 3.162 4.0   2.828 3.464 3.317 3.162 3.317 3.317 0.0   
германия          6.403 6.403 6.083 5.568 5.831 5.657 6.164 5.568 5.657 5.0   5.292 5.385 5.657 5.0   5.0   4.472 4.359 3.742 4.472 3.0   3.742 4.359 4.472 3.873 4.472 4.123 3.0   4.359 3.606 2.646 2.828 3.873 4.583 1.414 4.123 3.873 4.0   2.828 3.742 3.606 2.646 3.317 2.449 2.828 3.873 3.162 3.742 3.464 2.828 2.646 3.742 1.732 3.0   3.162 0.0   
medi              6.856 6.856 6.557 6.083 6.164 6.325 6.633 6.083 6.164 5.568 6.0   6.083 6.325 5.385 5.385 5.099 5.0   4.899 5.099 4.359 4.0   4.359 4.243 4.796 4.69  4.583 3.606 4.359 3.606 3.873 4.472 3.606 3.873 3.464 2.646 4.583 3.162 3.742 2.828 4.359 3.606 4.123 4.0   3.742 1.732 3.162 4.472 2.0   3.742 3.606 1.414 3.873 3.606 3.162 3.742 0.0   
удлинённый        6.782 6.782 6.481 6.0   6.083 6.083 6.403 6.0   6.083 5.477 5.568 5.657 6.083 5.292 5.292 4.796 4.69  4.123 5.0   3.742 3.606 4.69  4.123 4.899 5.0   4.243 4.0   4.0   4.243 3.162 3.317 3.742 4.243 3.0   4.243 2.828 3.873 3.317 4.123 2.449 3.162 2.828 3.0   2.646 3.742 3.0   2.646 3.606 3.0   2.828 3.873 3.162 2.449 3.0   3.0   3.873 0.0   
натуральный       6.856 6.856 6.557 6.083 6.325 6.164 6.633 6.083 6.164 5.385 5.657 5.745 6.164 5.385 5.385 4.899 4.796 4.472 4.899 3.606 3.162 4.796 3.742 4.583 4.899 4.359 3.606 3.606 3.873 3.317 3.464 3.873 3.873 2.449 4.123 3.317 3.464 2.828 3.742 3.317 3.0   2.236 2.449 2.449 3.317 2.828 3.162 3.162 2.828 2.646 3.464 2.646 2.236 3.162 2.449 3.464 2.236 0.0   
100               6.856 6.856 6.557 6.083 6.0   6.0   6.633 5.916 6.164 5.568 5.657 5.745 6.164 5.385 5.385 4.899 5.0   4.0   4.899 3.873 3.162 4.583 3.464 4.796 4.472 4.359 3.606 3.317 3.873 3.606 3.742 4.123 3.606 2.828 4.583 2.646 4.0   3.464 4.0   2.236 3.0   2.646 3.162 2.0   3.873 3.464 2.828 3.742 3.162 2.236 4.0   2.646 2.236 3.464 2.828 4.0   2.646 2.449 0.0   
